214 -0.42 2.71 4.09 0 180 0
213 -0.42 2.71 4.09 0 0 0
102 0.415 2.71 6.09 0 180 0
103 0.415 2.71 6.09 0 0 0
218 -1.01 2.71 8.19 0 180 0
217 -1.01 2.71 8.19 0 0 0
220 0.41 2.71 10.19 0 180 0
219 0.41 2.71 10.19 0 0 0
154 -0.4 2.71 12.19 0 180 0
155 -0.4 2.71 12.19 0 0 0
100 0.93 2.71 14.19 0 180 0
101 0.93 2.71 14.19 0 0 0 
153 -0.4 2.71 16.19 0 180 0
152 -0.4 2.71 16.19 0 0 0
267 0.44 2.71 18.09 0 180 0
266 0.44 2.71 18.09 0 0 0
173 0.67 2.5 20.7 0 180 0

178 -9.02 2.71 3.97 0 180 0
177 -9.02 2.71 3.97 0 0 0
263 -8.14 2.71 5.97 0 0 0
264 -8.24 2.71 5.97 0 180 0
124 -9.32 2.71 7.97 0 0 0
125 -9.32 2.71 7.97 0 180 0
176 -7.85 2.71 9.97 0 180 0
175 -7.85 2.71 9.97 0 0 0 
268 -9.42 2.71 11.97 0 180 0
269 -9.42 2.71 11.97 0 0 0
122 -7.67 2.71 13.87 0 180 0
123 -7.67 2.71 13.87 0 0 0
270 -9.01 2.71 15.87 0 0 0
271 -9.01 2.71 15.87 0 180 0
158 -8.17 2.71 17.87 0 0 0
159 -8.17 2.71 17.87 0 180 0
272 -9.62 2.71 19.87 0 180 0
273 -9.62 2.71 19.87 0 0 0
130 -8.17 2.71 20.87 0 180 0
131 -8.17 2.71 20.87 0 0 0

162 -8.542 2.52 23.899 0 180 0
163 -8.542 2.52 23.899 0 0 0
168 -10.082 2.5 22.415 0 90 0
121 -7.112 2.71 23.049 0 -90 0
120 -7.112 2.71 23.049 0 90 0
156 -5.112 2.71 21.779 0 90 0
157 -5.112 2.71 21.779 0 -90 0
277 -3.112 2.71 23.449 0 90 0
276 -3.112 2.71 23.449 0 -90 0
174 -2.192 1.86 23.899 0 180 0
283 -1.012 2.71 21.96 0 90 0
282 -1.012 2.71 21.96 0 -90 0 
281 0.988 2.71 22.79 0 -90 0
280 0.988 2.71 22.79 0 90 0
197 2.988 2.71 23.5 0 -90 0
198 2.988 2.71 23.5 0 90 0
278 4.888 2.71 22.06 0 -90 0
279 4.888 2.71 22.06 0 90 0
200 6.888 2.71 23.11 0 -90 0
199 6.888 2.71 23.11 0 90 0
274 8.888 2.71 21.75 0 -90 0
275 8.888 2.71 21.75 0 90 0
108 10.888 2.71 23.11 0 -90 0
109 10.888 2.71 23.11 0 90 0
253 13.128 2.09 24 0 180 0 
255 13.228 2.1 21.1 0 0 0
104 0.008 2.71 23.899 0 180 0
105 0.008 2.71 23.899 0 0 0
107 -0.642 2.71 25.899 0 180 0
106 -0.642 2.71 25.899 0 0 0
237 -1.132 1.23 25.2 0 90 0 
238 1.418 2.59 26.31 0 -90 0
239 -1.132 2.31 27.939 0 90 0
110 -0.052 2.71 29.4 0 180 0
111 -0.052 2.71 29.4 0 0 0
112 -0.482 2.71 30.829 0 -90 0
113 -0.482 2.71 30.829 0 90 0
287 1.598 2.71 31.559 0 -90 0 
286 1.598 2.71 31.559 0 90 0
195 3.418 2.71 30.489 0 -90 0
196 3.418 2.71 30.489 0 90 0
115 5.718 2.71 30.489 0 -90 0
114 5.718 2.71 30.489 0 90 0
284 7.718 2.71 31.839 0 -90 0
285 7.718 2.71 31.839 0 90 0
201 9.718 2.71 30.489 0 -90 0
202 9.718 2.71 30.489 0 90 0
288 -2.482 2.71 31.549 0 -90 0
289 -2.482 2.71 31.549 0 90 0
234 -2.212 2.28 32.299 0 180 0
204 -4.482 2.71 30.079 0 -90 0
203 -4.482 2.71 30.079 0 90 0
116 -7.082 2.71 31.35 0 -90 0
117 -7.082 2.71 31.35 0 90 0
166 -10.082 2.47 31 0 90 0
165 -8.522 2.5 29.399 0 0 0
164 -8.522 2.5 29.399 0 180 0 
235 -10.082 2.31 26.339 0 90 0
118 -7.472 2.71 26.755 0 180 0
119 -7.472 2.71 26.755 0 0 0

167 -10.282 2.38 22.37 0 -90 0
290 -12.882 2.71 22.939 0 -90 0
291 -12.882 2.71 22.939 0 90 0
132 -14.882 2.71 21.979 0 -90 0
133 -14.882 2.71 21.979 0 90 0
292 -16.882 2.71 23.529 0 -90 0
293 -16.882 2.71 23.529 0 90 0
180 -18.882 2.71 21.559 0 -90 0
179 -18.882 2.71 21.559 0 90 0
296 -20.882 2.71 23.029 0 -90 0
297 -20.882 2.71 23.029 0 90 0
135 -22.882 2.71 21.449 0 -90 0
134 -22.882 2.71 21.449 0 90 0
295 -24.882 2.71 23.029 0 -90 0
294 -24.882 2.71 23.029 0 90 0
182 -26.782 2.71 22.729 0 -90 0
181 -26.782 2.71 22.729 0 90 0
298 -28.982 2.71 23.319 0 -90 0
299 -28.982 2.71 23.319 0 90 0
183 -31.182 2.71 21.949 0 -90 0
184 -31.182 2.71 21.949 0 90 0
301 -33.182 2.71 23.429 0 -90 0
302 -33.182 2.71 23.429 0 90 0
137 -35.382 2.71 21.749 0 -90 0
136 -35.382 2.71 21.749 0 90 0
303 -37.582 2.71 23.119 0 -90 0
304 -37.582 2.71 23.119 0 90 0
186 -39.582 2.71 21.469 0 -90 0
185 -39.582 2.71 21.469 0 90 0
306 -41.782 2.71 21.939 0 -90 0
305 -41.782 2.71 21.939 0 90 0
169 -43.882 2.48 22.339 0 90 0

172 -10.282 2.37 30.889 0 -90 0
300 -12.212 2.71 31.829 0 -90 0
236 -12.212 2.71 31.829 0 90 0
188 -14.312 2.71 30.359 0 -90 0
187 -14.312 2.71 30.359 0 90 0
308 -16.612 2.71 30.169 0 -90 0
307 -16.612 2.71 30.169 0 90 0
127 -18.912 2.71 31.319 0 -90 0
126 -18.912 2.71 31.319 0 90 0
309 -21.012 2.71 31.529 0 -90 0
310 -21.012 2.71 31.529 0 90 0
190 -23.012 2.71 29.779 0 -90 0
189 -23.012 2.71 29.779 0 90 0
311 -25.012 2.71 31.539 0 -90 0
312 -25.012 2.71 31.539 0 90 0
129 -27.012 2.71 30.169 0 -90 0
128 -27.012 2.71 30.169 0 90 0
314 -29.012 2.71 31.759 0 -90 0
313 -29.012 2.71 31.759 0 90 0
192 -31.012 2.71 30.199 0 -90 0
191 -31.012 2.71 30.199 0 90 0
315 -33.012 2.71 31.359 0 -90 0
316 -33.012 2.71 31.359 0 90 0
143 -35.112 2.71 29.899 0 -90 0
142 -35.112 2.71 29.889 0 90 0
318 -37.212 2.71 31.449 0 -90 0
317 -37.212 2.71 31.449 0 90 0
145 -39.612 2.71 31.349 0 -90 0
144 -39.612 2.71 31.349 0 90 0
320 -41.612 2.71 30.099 0 -90 0
319 -41.612 2.71 30.099 0 90 0
194 -43.812 2.71 30.969 0 -90 0
193 -43.812 2.71 30.969 0 90 0

206 -45.942 2.71 29.399 0 180 0
205 -45.942 2.71 29.399 0 0 0
140 -45.462 2.71 27.699 0 180 0
141 -45.462 2.71 27.699 0 0 0
323 -47.012 2.71 25.699 0 180 0
324 -47.012 2.71 25.699 0 0 0
211 -46.052 2.71 23.699 0 180 0
212 -46.052 2.71 23.669 0 0 0
321 -45.652 2.71 20.799 0 180 0
322 -45.652 2.71 20.799 0 0 0
171 -50.282 1.87 22.669 0 90 0 
228 -48.082 2.2 24.359 0 90 0 
229 -48.082 2.23 29.469 0 90 0

326 -47.202 2.71 34.449 0 0 0
325 -47.202 2.71 34.449 0 180 0
327 -45.402 2.71 36.249 0 0 0
328 -45.402 2.71 36.249 0 180 0
233 -44.182 2.14 36.639 0 -90 0
232 -45.472 2.08 39.1 0 180 0
146 -48.028 2.71 38.509 0 -90 0
147 -48.028 2.71 38.509 0 90 0 
330 -50.128 2.71 37.509 0 -90 0
329 -50.128 2.71 37.509 0 90 0
207 -52.228 2.71 38.519 0 -90 0
208 -52.228 2.71 38.519 0 90 0
331 -54.928 2.71 38.919 0 -90 0
338 -54.928 2.71 38.919 0 90 0
148 -57.328 2.71 38.509 0 -90 0
149 -57.328 2.71 38.509 0 90 0 
333 -59.528 2.71 38.619 0 -90 0
332 -59.528 2.71 38.619 0 90 0
210 -61.428 2.71 37.509 0 -90 0
209 -61.428 2.71 37.509 0 90 0
335 -63.428 2.71 38.119 0 -90 0
334 -63.428 2.71 38.119 0 90 0
151 -65.628 2.71 38.519 0 -90 0
150 -65.628 2.71 38.519 0 90 0
337 -68.228 2.71 38.819 0 -90 0
336 -68.228 2.71 38.819 0 90 0
230 -46.182 2.43 32.399 0 180 0
231 -46.182 2.43 32.399 0 0 0  

 




































































